3.2543062738713e-05
0.000171202816466817
0.00041958463425453
0.000775905234007387
0.00123753338226511
0.00180105298664404
0.00246229249511287
0.0032163565480169
0.00405766242609665
0.00497998145121718
0.00597648512796029
0.00703979571110632
0.0081620408334987
0.00933491179320466
0.0105497250698396
0.011797486615247
0.0130689584428592
0.0143547270228944
0.0156452729771056
0.0169310415571408
0.018202513384753
0.0194502749301604
0.0206650882067953
0.0218379591665013
0.0229602042888937
0.0240235148720397
0.0250200185487828
0.0259423375739033
0.0267836434519831
0.0275377075048871
0.028198947013356
0.0287624666177349
0.0292240947659926
0.0295804153657455
0.0298287971835332
0.0299674569372613
